20
DADBDBDDDADBCCDBBACC
31% 7% 26% 36%
43% 20% 3% 34%
65% 23% 10% 2%
39% 21% 31% 9%
22% 24% 28% 26%
1% 52% 1% 46%
12% 9% 9% 70%
47% 9% 6% 38%
6% 18% 46% 30%
52% 8% 15% 25%
16% 19% 5% 60%
12% 50% 5% 33%
13% 8% 34% 45%
26% 38% 28% 8%
29% 36% 3% 32%
16% 50% 10% 24%
5% 16% 30% 49%
27% 1% 55% 17%
6% 33% 52% 9%
26% 6% 31% 37%
