100
BBCCAAAACDCBDBBBCABACBBBBBBAADDCBDBABCCCADDBDBADBCDDBAADCCBADBABBADACAACAABACABBDDACDDDABADADCABDDBB
11% 33% 36% 20%
4% 30% 57% 9%
22% 47% 4% 27%
4% 70% 7% 19%
9% 13% 53% 25%
6% 42% 4% 48%
20% 10% 6% 64%
8% 27% 29% 36%
2% 15% 14% 69%
7% 76% 4% 13%
1% 45% 18% 36%
1% 37% 53% 9%
5% 86% 4% 5%
76% 2% 12% 10%
10% 50% 11% 29%
42% 16% 7% 35%
9% 46% 40% 5%
8% 4% 78% 10%
30% 16% 52% 2%
19% 22% 14% 45%
50% 14% 7% 29%
16% 5% 50% 29%
4% 34% 28% 34%
42% 4% 19% 35%
47% 14% 27% 12%
52% 20% 21% 7%
8% 10% 24% 58%
11% 23% 19% 47%
36% 8% 10% 46%
12% 77% 3% 8%
2% 33% 5% 60%
15% 1% 67% 17%
37% 44% 9% 10%
44% 15% 32% 9%
30% 49% 12% 9%
44% 7% 10% 39%
52% 30% 14% 4%
49% 19% 1% 31%
57% 3% 16% 24%
82% 14% 1% 3%
33% 13% 8% 46%
40% 19% 1% 40%
66% 6% 23% 5%
18% 23% 18% 41%
36% 43% 5% 16%
7% 9% 83% 1%
19% 63% 17% 1%
14% 6% 77% 3%
38% 12% 39% 11%
24% 21% 30% 25%
34% 13% 10% 43%
1% 12% 70% 17%
10% 48% 24% 18%
22% 67% 2% 9%
8% 36% 31% 25%
6% 1% 66% 27%
16% 3% 48% 33%
43% 7% 38% 12%
12% 32% 29% 27%
12% 43% 42% 3%
48% 15% 7% 30%
5% 20% 53% 22%
15% 15% 27% 43%
51% 27% 3% 19%
35% 21% 5% 39%
14% 2% 43% 41%
82% 3% 1% 14%
14% 3% 34% 49%
63% 21% 4% 12%
13% 10% 29% 48%
2% 25% 48% 25%
29% 2% 21% 48%
38% 32% 28% 2%
20% 22% 12% 46%
14% 29% 7% 50%
30% 30% 14% 26%
6% 6% 62% 26%
11% 4% 62% 23%
11% 64% 6% 19%
37% 22% 29% 12%
17% 54% 5% 24%
31% 4% 29% 36%
36% 28% 2% 34%
28% 19% 2% 51%
5% 11% 39% 45%
48% 11% 16% 25%
22% 12% 7% 59%
12% 25% 39% 24%
1% 24% 17% 58%
2% 24% 21% 53%
27% 53% 8% 12%
10% 60% 12% 18%
8% 20% 31% 41%
35% 30% 8% 27%
24% 42% 15% 19%
25% 19% 51% 5%
65% 3% 9% 23%
12% 23% 25% 40%
52% 15% 29% 4%
27% 20% 31% 22%
