97
CCBDCAACDDAADBDADCDABABCBDBCACBDDCBACBCACCBBDDDCCDDDABDBDACCBBCBBCCCBBCBBABBBBDDDBDDBBDCCBDACACBC
30% 55% 3% 12%
9% 83% 4% 4%
13% 32% 1% 54%
50% 27% 14% 9%
17% 4% 49% 30%
46% 36% 16% 2%
19% 45% 21% 15%
29% 16% 51% 4%
7% 71% 20% 2%
23% 5% 70% 2%
27% 28% 19% 26%
4% 46% 1% 49%
27% 35% 15% 23%
52% 16% 27% 5%
35% 9% 12% 44%
31% 24% 7% 38%
31% 44% 11% 14%
36% 50% 13% 1%
33% 15% 27% 25%
23% 40% 15% 22%
35% 14% 21% 30%
21% 67% 11% 1%
39% 3% 1% 57%
22% 19% 2% 57%
58% 17% 24% 1%
3% 33% 54% 10%
14% 32% 29% 25%
7% 48% 39% 6%
4% 20% 16% 60%
2% 17% 57% 24%
22% 15% 29% 34%
4% 49% 44% 3%
10% 17% 9% 64%
11% 48% 3% 38%
2% 1% 76% 21%
34% 2% 1% 63%
22% 5% 31% 42%
30% 41% 14% 15%
17% 29% 1% 53%
7% 43% 12% 38%
48% 4% 19% 29%
10% 31% 56% 3%
32% 20% 24% 24%
33% 14% 19% 34%
47% 11% 21% 21%
34% 4% 16% 46%
11% 10% 22% 57%
60% 16% 18% 6%
46% 29% 19% 6%
20% 3% 66% 11%
17% 31% 9% 43%
32% 26% 38% 4%
10% 36% 1% 53%
51% 7% 34% 8%
12% 14% 55% 19%
44% 11% 12% 33%
22% 18% 43% 17%
3% 10% 75% 12%
21% 38% 22% 19%
47% 37% 11% 5%
4% 37% 24% 35%
43% 19% 6% 32%
58% 3% 35% 4%
51% 9% 1% 39%
10% 31% 12% 47%
1% 17% 76% 6%
3% 4% 26% 67%
74% 3% 16% 7%
13% 62% 7% 18%
30% 42% 5% 23%
11% 7% 11% 71%
81% 7% 10% 2%
46% 12% 23% 19%
15% 10% 3% 72%
11% 32% 32% 25%
12% 58% 8% 22%
11% 70% 3% 16%
19% 1% 59% 21%
8% 12% 41% 39%
65% 15% 7% 13%
41% 1% 32% 26%
27% 21% 14% 38%
16% 15% 68% 1%
33% 16% 36% 15%
5% 2% 83% 10%
10% 23% 25% 42%
38% 9% 32% 21%
15% 42% 24% 19%
24% 53% 8% 15%
21% 12% 39% 28%
17% 19% 1% 63%
8% 29% 38% 25%
63% 8% 17% 12%
64% 9% 25% 2%
29% 8% 13% 50%
19% 26% 16% 39%
1% 47% 40% 12%
