86
CBAAACABACDDBCADBBCAACDCCAACDBBABCDABBDACBACCCACDADBBCBABBBCBDCDABBDBADCDDABADDBCBADBA
71% 3% 9% 17%
41% 11% 15% 33%
1% 48% 29% 22%
41% 21% 11% 27%
2% 32% 20% 46%
18% 39% 40% 3%
53% 3% 19% 25%
31% 25% 41% 3%
1% 10% 86% 3%
5% 36% 55% 4%
43% 1% 55% 1%
68% 19% 2% 11%
7% 15% 34% 44%
19% 15% 31% 35%
16% 21% 20% 43%
19% 75% 2% 4%
26% 27% 45% 2%
20% 43% 21% 16%
39% 22% 18% 21%
20% 15% 62% 3%
10% 58% 5% 27%
11% 11% 39% 39%
22% 70% 2% 6%
88% 3% 6% 3%
2% 5% 41% 52%
26% 9% 41% 24%
50% 46% 3% 1%
39% 18% 33% 10%
46% 12% 12% 30%
5% 4% 39% 52%
14% 18% 59% 9%
6% 4% 31% 59%
37% 2% 40% 21%
23% 34% 16% 27%
57% 29% 12% 2%
48% 35% 6% 11%
29% 41% 20% 10%
1% 21% 47% 31%
45% 9% 5% 41%
40% 26% 29% 5%
14% 27% 56% 3%
12% 50% 30% 8%
2% 22% 43% 33%
39% 32% 7% 22%
10% 11% 65% 14%
36% 6% 37% 21%
16% 36% 46% 2%
18% 19% 2% 61%
56% 25% 5% 14%
44% 41% 6% 9%
72% 2% 8% 18%
46% 42% 6% 6%
14% 29% 25% 32%
4% 65% 17% 14%
37% 15% 17% 31%
80% 16% 2% 2%
36% 31% 13% 20%
2% 32% 62% 4%
15% 45% 1% 39%
3% 17% 37% 43%
12% 26% 20% 42%
33% 4% 56% 7%
41% 25% 6% 28%
41% 47% 9% 3%
16% 14% 25% 45%
63% 10% 11% 16%
21% 61% 8% 10%
72% 16% 4% 8%
34% 22% 7% 37%
39% 40% 15% 6%
4% 29% 61% 6%
31% 4% 17% 48%
18% 65% 9% 8%
14% 52% 23% 11%
12% 7% 76% 5%
23% 29% 28% 20%
19% 11% 33% 37%
8% 37% 18% 37%
10% 14% 18% 58%
49% 26% 14% 11%
8% 26% 42% 24%
23% 57% 17% 3%
1% 44% 27% 28%
13% 13% 23% 51%
21% 25% 18% 36%
12% 3% 69% 16%
