75
DABABBCBDBADCCCCACBBACBDDACADCAADAACDDBBBABDABDDADBBCABDCBCCCCABBADCDDADCCA
29% 46% 16% 9%
42% 11% 2% 45%
33% 11% 46% 10%
8% 9% 49% 34%
33% 10% 7% 50%
2% 16% 20% 62%
21% 10% 45% 24%
3% 28% 7% 62%
11% 11% 54% 24%
12% 17% 38% 33%
16% 3% 5% 76%
18% 34% 24% 24%
10% 60% 24% 6%
17% 36% 6% 41%
32% 49% 8% 11%
23% 37% 13% 27%
5% 31% 55% 9%
37% 52% 5% 6%
15% 14% 65% 6%
7% 30% 35% 28%
3% 13% 60% 24%
11% 30% 55% 4%
1% 43% 5% 51%
55% 13% 25% 7%
54% 3% 12% 31%
20% 17% 9% 54%
19% 31% 49% 1%
36% 35% 14% 15%
38% 49% 3% 10%
33% 7% 31% 29%
3% 45% 10% 42%
23% 3% 8% 66%
7% 44% 23% 26%
21% 28% 40% 11%
58% 6% 24% 12%
11% 52% 17% 20%
42% 9% 28% 21%
22% 13% 38% 27%
2% 46% 50% 2%
14% 33% 3% 50%
66% 10% 9% 15%
69% 8% 3% 20%
7% 12% 17% 64%
38% 45% 12% 5%
19% 52% 12% 17%
3% 22% 11% 64%
34% 36% 5% 25%
45% 29% 10% 16%
21% 2% 26% 51%
3% 17% 53% 27%
16% 4% 22% 58%
3% 74% 15% 8%
11% 6% 75% 8%
6% 61% 26% 7%
79% 3% 1% 17%
31% 32% 34% 3%
1% 24% 18% 57%
17% 58% 22% 3%
18% 14% 14% 54%
25% 15% 16% 44%
24% 13% 8% 55%
16% 54% 9% 21%
60% 3% 4% 33%
40% 28% 28% 4%
14% 6% 46% 34%
5% 25% 64% 6%
26% 22% 29% 23%
5% 21% 4% 70%
61% 21% 13% 5%
39% 29% 21% 11%
22% 35% 27% 16%
1% 35% 49% 15%
24% 14% 40% 22%
8% 12% 25% 55%
64% 5% 28% 3%
