44
BDCDBBCDABBBBCCBDBABCDBDCBBABCDBBDBADADACBCC
48% 16% 10% 26%
12% 46% 18% 24%
46% 42% 7% 5%
30% 8% 38% 24%
9% 56% 3% 32%
18% 45% 27% 10%
71% 4% 5% 20%
21% 31% 5% 43%
38% 15% 35% 12%
4% 12% 61% 23%
19% 19% 24% 38%
17% 4% 29% 50%
3% 18% 21% 58%
45% 30% 21% 4%
1% 4% 36% 59%
32% 24% 8% 36%
1% 69% 10% 20%
22% 23% 51% 4%
8% 64% 9% 19%
3% 69% 1% 27%
4% 6% 28% 62%
26% 25% 16% 33%
4% 31% 59% 6%
17% 15% 17% 51%
23% 9% 23% 45%
5% 9% 15% 71%
8% 17% 8% 67%
15% 2% 3% 80%
68% 11% 7% 14%
35% 2% 56% 7%
35% 11% 13% 41%
2% 15% 32% 51%
67% 14% 1% 18%
5% 50% 32% 13%
11% 3% 59% 27%
40% 15% 35% 10%
1% 12% 61% 26%
60% 19% 4% 17%
50% 22% 12% 16%
5% 37% 24% 34%
43% 3% 53% 1%
32% 22% 5% 41%
52% 3% 0% 21%
5% 47% 15% 33%
