35
AACBCCDACBACADDAACACADBDBABAAAACBBC
19% 2% 64% 15%
18% 3% 6% 73%
11% 8% 61% 20%
20% 22% 34% 24%
5% 7% 63% 25%
19% 46% 27% 8%
13% 19% 34% 34%
6% 73% 18% 3%
49% 9% 30% 12%
84% 11% 2% 3%
22% 30% 13% 35%
17% 18% 13% 52%
13% 41% 22% 24%
30% 9% 6% 55%
16% 55% 18% 11%
25% 20% 18% 37%
7% 20% 14% 59%
11% 51% 34% 4%
48% 41% 7% 4%
33% 23% 23% 21%
46% 16% 34% 4%
4% 30% 59% 7%
52% 7% 1% 40%
17% 15% 1% 67%
21% 27% 36% 16%
45% 27% 2% 26%
2% 35% 58% 5%
8% 17% 29% 46%
5% 56% 15% 24%
12% 16% 63% 9%
5% 8% 5% 82%
5% 31% 26% 38%
3% 50% 23% 24%
70% 1% 28% 1%
73% 12% 11% 4%
