22
BCADBAABBACCBBCCCCCCBC
65% 7% 6% 22%
20% 47% 9% 24%
6% 6% 78% 10%
54% 6% 4% 36%
20% 3% 4% 73%
20% 29% 2% 49%
21% 69% 3% 7%
14% 3% 75% 8%
17% 56% 7% 20%
6% 38% 41% 15%
70% 8% 4% 18%
26% 12% 56% 6%
36% 5% 13% 46%
9% 1% 70% 20%
9% 19% 57% 15%
80% 1% 2% 17%
24% 50% 6% 20%
25% 4% 16% 55%
4% 18% 13% 65%
14% 21% 49% 16%
25% 26% 23% 26%
4% 57% 30% 9%
