30
ACBBCDBACDCDBCBACBDDDCAABCBCAB
8% 7% 14% 71%
20% 10% 58% 12%
42% 18% 7% 33%
30% 4% 43% 23%
11% 39% 44% 6%
64% 25% 7% 4%
64% 3% 23% 10%
50% 2% 13% 35%
32% 42% 1% 25%
35% 14% 23% 28%
23% 14% 31% 32%
16% 5% 19% 60%
16% 39% 8% 37%
18% 9% 43% 30%
7% 3% 6% 84%
4% 7% 26% 63%
4% 3% 21% 72%
7% 32% 22% 39%
76% 17% 3% 4%
41% 11% 47% 1%
21% 10% 3% 66%
24% 19% 23% 34%
24% 3% 44% 29%
20% 31% 46% 3%
53% 25% 7% 15%
10% 36% 25% 29%
5% 22% 62% 11%
8% 58% 29% 5%
18% 9% 57% 16%
38% 21% 37% 4%
