40
DDBBCDAAACAABCDDCDACDCAADDBCDCCCBBACCAAD
4% 9% 21% 66%
32% 23% 7% 38%
3% 40% 2% 55%
31% 5% 45% 19%
43% 46% 8% 3%
37% 4% 1% 58%
4% 33% 18% 45%
34% 13% 7% 46%
42% 6% 19% 33%
2% 22% 55% 21%
6% 23% 26% 45%
38% 37% 16% 9%
4% 37% 40% 19%
20% 19% 14% 47%
59% 5% 5% 31%
12% 14% 56% 18%
18% 42% 7% 33%
15% 17% 43% 25%
45% 11% 20% 24%
6% 35% 57% 2%
16% 32% 16% 36%
23% 51% 2% 24%
23% 44% 10% 23%
34% 7% 36% 23%
9% 11% 77% 3%
50% 7% 34% 9%
40% 31% 9% 20%
42% 18% 7% 33%
4% 10% 63% 23%
42% 12% 39% 7%
52% 37% 9% 2%
28% 5% 60% 7%
39% 1% 43% 17%
5% 38% 7% 50%
5% 55% 34% 6%
15% 1% 63% 21%
4% 6% 72% 18%
52% 16% 28% 4%
2% 22% 28% 48%
55% 5% 29% 11%
