50
CADACBDBDDBDACABCBACCDCCAACDCCAAABCBBAADCABABCCCBA
8% 70% 5% 17%
3% 9% 77% 11%
18% 5% 29% 48%
49% 21% 7% 23%
55% 15% 10% 20%
8% 48% 25% 19%
5% 22% 50% 23%
29% 7% 4% 60%
33% 21% 23% 23%
11% 48% 19% 22%
2% 28% 51% 19%
43% 11% 19% 27%
16% 7% 23% 54%
20% 63% 9% 8%
68% 1% 16% 15%
32% 48% 7% 13%
42% 51% 3% 4%
29% 26% 32% 13%
21% 11% 50% 18%
3% 5% 51% 41%
58% 7% 26% 9%
22% 21% 43% 14%
46% 7% 8% 39%
4% 29% 11% 56%
21% 69% 9% 1%
7% 37% 24% 32%
36% 43% 6% 15%
29% 13% 29% 29%
38% 29% 19% 14%
18% 20% 27% 35%
6% 11% 55% 28%
18% 39% 16% 27%
2% 54% 7% 37%
40% 16% 40% 4%
33% 19% 27% 21%
16% 60% 16% 8%
24% 21% 22% 33%
9% 6% 33% 52%
28% 61% 3% 8%
10% 23% 65% 2%
52% 35% 9% 4%
51% 1% 5% 43%
11% 11% 22% 56%
58% 23% 6% 13%
24% 2% 44% 30%
23% 22% 37% 18%
4% 43% 41% 12%
50% 4% 17% 29%
50% 26% 18% 6%
12% 11% 71% 6%
