60
ABDCCAACDCDDBABDADCAABCBADBBCCBBBDBDBAAABADADDCCAAABBACBBCCD
39% 35% 1% 25%
6% 6% 19% 69%
6% 25% 24% 45%
1% 68% 2% 29%
45% 21% 10% 24%
57% 12% 10% 21%
10% 70% 15% 5%
14% 18% 61% 7%
40% 4% 15% 41%
1% 24% 30% 45%
36% 1% 62% 1%
20% 34% 36% 10%
8% 9% 80% 3%
13% 50% 29% 8%
7% 85% 2% 6%
83% 10% 3% 4%
29% 29% 36% 6%
58% 20% 10% 12%
39% 52% 5% 4%
1% 9% 65% 25%
35% 1% 24% 40%
37% 6% 56% 1%
51% 2% 44% 3%
19% 13% 52% 16%
32% 48% 16% 4%
16% 16% 34% 34%
23% 49% 17% 11%
10% 18% 34% 38%
26% 5% 40% 29%
2% 4% 71% 23%
30% 18% 31% 21%
10% 19% 61% 10%
29% 1% 56% 14%
2% 14% 8% 76%
11% 27% 30% 32%
7% 33% 55% 5%
14% 5% 39% 42%
40% 9% 19% 32%
41% 5% 22% 32%
51% 6% 29% 14%
8% 19% 69% 4%
3% 12% 44% 41%
10% 40% 15% 35%
82% 1% 9% 8%
52% 9% 37% 2%
55% 21% 18% 6%
56% 4% 4% 36%
13% 19% 33% 35%
18% 21% 19% 42%
15% 40% 3% 42%
26% 15% 48% 11%
8% 48% 27% 17%
1% 56% 18% 25%
48% 18% 25% 9%
30% 44% 13% 13%
63% 1% 8% 28%
26% 2% 15% 57%
24% 56% 1% 19%
26% 20% 9% 45%
24% 70% 4% 2%
