70
BCABBCAADBACBBDBBBBDCADACCCCDCABDABAAABCACDACDBBBABDACACCCADDCADDDCADA
7% 9% 13% 71%
26% 18% 48% 8%
28% 30% 5% 37%
41% 42% 7% 10%
6% 72% 3% 19%
28% 23% 3% 46%
43% 40% 12% 5%
68% 1% 26% 5%
28% 33% 34% 5%
10% 11% 32% 47%
29% 41% 28% 2%
5% 9% 54% 32%
24% 34% 8% 34%
21% 40% 17% 22%
19% 14% 60% 7%
72% 1% 10% 17%
7% 44% 39% 10%
23% 15% 44% 18%
50% 7% 3% 40%
18% 9% 31% 42%
6% 2% 87% 5%
23% 48% 10% 19%
2% 34% 24% 40%
63% 5% 13% 19%
35% 36% 17% 12%
21% 47% 13% 19%
6% 23% 30% 41%
20% 32% 27% 21%
5% 9% 44% 42%
1% 4% 14% 81%
9% 4% 63% 24%
43% 21% 22% 14%
16% 39% 20% 25%
57% 24% 6% 13%
23% 32% 20% 25%
47% 11% 18% 24%
42% 17% 7% 34%
43% 16% 40% 1%
4% 73% 14% 9%
23% 11% 29% 37%
19% 26% 11% 44%
16% 24% 20% 40%
11% 6% 3% 80%
36% 32% 25% 7%
62% 21% 1% 16%
9% 6% 36% 49%
23% 23% 8% 46%
49% 24% 6% 21%
13% 46% 12% 29%
18% 31% 18% 33%
18% 18% 23% 41%
44% 12% 11% 33%
54% 38% 6% 2%
45% 24% 14% 17%
4% 8% 36% 52%
25% 37% 18% 20%
62% 13% 7% 18%
11% 41% 16% 32%
11% 60% 12% 17%
45% 13% 15% 27%
21% 44% 34% 1%
3% 32% 56% 9%
11% 7% 79% 3%
1% 11% 4% 84%
2% 26% 4% 68%
21% 21% 17% 41%
24% 22% 13% 41%
22% 9% 16% 53%
15% 51% 6% 28%
8% 20% 47% 25%
