80
DBACACABCBDABACDDDDCDABDADDACBABBDDBADBBDCDBBCCCABADCDBABBCACCABDCACABCACBDBDDAB
54% 2% 4% 40%
8% 86% 4% 2%
22% 43% 8% 27%
26% 8% 15% 51%
26% 15% 43% 16%
40% 10% 13% 37%
54% 24% 16% 6%
56% 24% 4% 16%
19% 25% 21% 35%
42% 3% 26% 29%
49% 1% 49% 1%
23% 45% 4% 28%
22% 1% 3% 74%
36% 33% 2% 29%
2% 7% 25% 66%
19% 2% 26% 53%
41% 14% 24% 21%
13% 1% 1% 85%
7% 49% 27% 17%
21% 6% 21% 52%
12% 36% 29% 23%
27% 21% 12% 40%
51% 25% 10% 14%
6% 15% 31% 48%
32% 7% 53% 8%
19% 10% 47% 24%
16% 20% 41% 23%
31% 51% 1% 17%
34% 12% 7% 47%
9% 7% 82% 2%
12% 37% 27% 24%
6% 42% 41% 11%
26% 37% 15% 22%
18% 36% 13% 33%
67% 15% 8% 10%
7% 53% 2% 38%
15% 8% 45% 32%
5% 13% 18% 64%
14% 26% 1% 59%
51% 2% 11% 36%
11% 9% 75% 5%
46% 14% 36% 4%
41% 22% 29% 8%
31% 31% 26% 12%
13% 57% 16% 14%
10% 39% 8% 43%
65% 8% 3% 24%
23% 35% 5% 37%
33% 5% 54% 8%
16% 11% 45% 28%
12% 54% 30% 4%
36% 41% 16% 7%
36% 23% 1% 40%
8% 34% 7% 51%
21% 15% 8% 56%
14% 32% 32% 22%
14% 27% 39% 20%
1% 16% 40% 43%
27% 12% 7% 54%
26% 11% 22% 41%
40% 42% 8% 10%
64% 15% 13% 8%
11% 13% 25% 51%
2% 1% 6% 91%
5% 40% 11% 44%
4% 27% 5% 64%
19% 42% 16% 23%
40% 51% 8% 1%
3% 67% 29% 1%
4% 1% 52% 43%
1% 46% 40% 13%
2% 52% 14% 32%
9% 62% 18% 11%
20% 16% 6% 58%
8% 64% 20% 8%
20% 58% 20% 2%
9% 3% 6% 82%
53% 34% 12% 1%
35% 16% 5% 44%
40% 33% 6% 21%
