90
DABBADDACACBACDBACACDDACBBBDDADDCCDBDCDACCACDBBDACCDDAACCCDCABCCBDCBCCBBCCABADDBDCAACBDCDB
10% 34% 52% 4%
42% 7% 20% 31%
16% 45% 7% 32%
14% 24% 45% 17%
36% 32% 18% 14%
2% 56% 35% 7%
1% 14% 25% 60%
54% 1% 20% 25%
38% 34% 17% 11%
18% 5% 1% 76%
50% 8% 7% 35%
16% 40% 35% 9%
1% 7% 57% 35%
57% 6% 6% 31%
74% 3% 17% 6%
6% 21% 28% 45%
46% 24% 7% 23%
3% 23% 29% 45%
2% 16% 34% 48%
29% 14% 7% 50%
11% 3% 63% 23%
39% 34% 13% 14%
19% 36% 24% 21%
18% 31% 27% 24%
29% 12% 17% 42%
40% 14% 38% 8%
52% 15% 23% 10%
13% 29% 25% 33%
27% 4% 51% 18%
5% 24% 66% 5%
10% 65% 4% 21%
49% 31% 10% 10%
25% 15% 25% 35%
29% 15% 50% 6%
8% 74% 17% 1%
3% 23% 25% 49%
45% 19% 1% 35%
53% 29% 3% 15%
43% 19% 17% 21%
33% 31% 8% 28%
21% 9% 5% 65%
57% 19% 11% 13%
15% 12% 72% 1%
60% 22% 12% 6%
10% 18% 15% 57%
3% 46% 15% 36%
6% 16% 37% 41%
14% 13% 48% 25%
48% 15% 34% 3%
22% 3% 43% 32%
33% 30% 36% 1%
15% 22% 11% 52%
24% 49% 19% 8%
5% 78% 15% 2%
13% 22% 35% 30%
73% 3% 19% 5%
3% 35% 1% 61%
13% 76% 4% 7%
4% 50% 13% 33%
17% 52% 28% 3%
31% 50% 18% 1%
5% 46% 30% 19%
28% 44% 23% 5%
48% 12% 26% 14%
12% 85% 1% 2%
29% 7% 11% 53%
4% 53% 20% 23%
10% 27% 22% 41%
66% 6% 22% 6%
11% 76% 6% 7%
35% 17% 17% 31%
31% 34% 1% 34%
4% 11% 61% 24%
54% 23% 2% 21%
28% 20% 41% 11%
35% 16% 47% 2%
4% 49% 21% 26%
22% 9% 32% 37%
44% 34% 21% 1%
2% 33% 31% 34%
26% 21% 33% 20%
4% 54% 15% 27%
38% 2% 8% 52%
17% 24% 42% 17%
52% 34% 9% 5%
10% 12% 51% 27%
20% 17% 61% 2%
29% 52% 17% 2%
7% 42% 15% 36%
4% 44% 10% 42%
