100
CCDACAAAADDDAACADDDABDCDBDCDBBBCCCBCBCDCDBBACDCBAAABDDDACAAADDADBDCDACDBDDBDBCBBADBCBBACAAACDBCAABAB
39% 4% 35% 22%
48% 26% 17% 9%
40% 45% 3% 12%
63% 6% 2% 29%
52% 10% 35% 3%
34% 9% 14% 43%
46% 13% 16% 25%
4% 66% 20% 10%
5% 57% 1% 37%
28% 1% 58% 13%
7% 11% 37% 45%
26% 19% 20% 35%
40% 3% 43% 14%
5% 64% 27% 4%
43% 29% 4% 24%
33% 23% 1% 43%
12% 14% 42% 32%
18% 43% 16% 23%
3% 36% 58% 3%
7% 69% 15% 9%
37% 11% 3% 49%
38% 36% 13% 13%
7% 55% 26% 12%
39% 30% 15% 16%
11% 53% 1% 35%
5% 41% 1% 53%
4% 31% 62% 3%
9% 4% 21% 66%
18% 61% 12% 9%
30% 2% 7% 61%
41% 18% 40% 1%
12% 83% 3% 2%
62% 32% 5% 1%
15% 43% 23% 19%
40% 12% 35% 13%
51% 14% 26% 9%
27% 28% 37% 8%
15% 25% 27% 33%
31% 18% 18% 33%
3% 53% 38% 6%
11% 46% 1% 42%
15% 39% 25% 21%
22% 20% 46% 12%
41% 31% 23% 5%
5% 1% 35% 59%
4% 9% 11% 76%
17% 33% 15% 35%
38% 11% 30% 21%
24% 40% 19% 17%
27% 17% 50% 6%
15% 18% 48% 19%
14% 4% 78% 4%
6% 8% 10% 76%
20% 44% 32% 4%
41% 13% 12% 34%
1% 27% 64% 8%
29% 36% 13% 22%
22% 5% 50% 23%
28% 9% 11% 52%
3% 34% 44% 19%
25% 43% 8% 24%
6% 8% 4% 82%
10% 2% 75% 13%
21% 24% 28% 27%
31% 11% 14% 44%
4% 43% 37% 16%
38% 30% 6% 26%
9% 19% 5% 67%
29% 39% 25% 7%
84% 4% 1% 11%
19% 63% 16% 2%
14% 31% 34% 21%
48% 12% 30% 10%
18% 16% 2% 64%
21% 25% 33% 21%
69% 7% 18% 6%
16% 40% 26% 18%
60% 36% 3% 1%
15% 55% 5% 25%
54% 6% 19% 21%
34% 7% 13% 46%
40% 28% 21% 11%
5% 10% 54% 31%
27% 9% 6% 58%
12% 35% 24% 29%
53% 9% 16% 22%
13% 39% 34% 14%
60% 12% 14% 14%
17% 36% 42% 5%
21% 45% 5% 29%
16% 32% 23% 29%
24% 9% 45% 22%
30% 26% 21% 23%
17% 52% 20% 11%
19% 20% 5% 56%
23% 42% 3% 32%
14% 33% 28% 25%
33% 43% 19% 5%
3% 4% 90% 3%
65% 5% 4% 26%
