8655264432 6431088654 8732087622
6543086544 8321088762 8765264322
8633086632 8633266632 6433266654 4332087666 8533176642 7533086643 8433086652
863098632 965296431 873197622 865395432 753098643 954197541 883098612 976494321 874197522 865296432 763197633 844296552 762098733 964395531
9751088421 9775084221 9755084421
9751088421 9775084221 9755084421
8655264432 6431088654 8732087622
873197622 865395432 753098643 954197541 883098612 976494321 874197522 865296432 763197633 844296552 762098733 964395531 863098632 965296431
864197532
8653266432 6433086654 8332087662
763197633 844296552 762098733 964395531 863098632 965296431 873197622 865395432 753098643 954197541 883098612 976494321 874197522 865296432
8653266432 6433086654 8332087662
8653266432 6433086654 8332087662
863098632 965296431 873197622 865395432 753098643 954197541 883098612 976494321 874197522 865296432 763197633 844296552 762098733 964395531
8633086632 8633266632 6433266654 4332087666 8533176642 7533086643 8433086652
873197622 865395432 753098643 954197541 883098612 976494321 874197522 865296432 763197633 844296552 762098733 964395531 863098632 965296431
6431088654 8732087622 8655264432
8653266432 6433086654 8332087662
763197633 844296552 762098733 964395531 863098632 965296431 873197622 865395432 753098643 954197541 883098612 976494321 874197522 865296432
8653266432 6433086654 8332087662
865296432 763197633 844296552 762098733 964395531 863098632 965296431 873197622 865395432 753098643 954197541 883098612 976494321 874197522
8433086652 8633086632 8633266632 6433266654 4332087666 8533176642 7533086643
763197633 844296552 762098733 964395531 863098632 965296431 873197622 865395432 753098643 954197541 883098612 976494321 874197522 865296432
865296432 763197633 844296552 762098733 964395531 863098632 965296431 873197622 865395432 753098643 954197541 883098612 976494321 874197522
863098632 965296431 873197622 865395432 753098643 954197541 883098612 976494321 874197522 865296432 763197633 844296552 762098733 964395531
8655264432 6431088654 8732087622
863098632 965296431 873197622 865395432 753098643 954197541 883098612 976494321 874197522 865296432 763197633 844296552 762098733 964395531
873197622 865395432 753098643 954197541 883098612 976494321 874197522 865296432 763197633 844296552 762098733 964395531 863098632 965296431
763197633 844296552 762098733 964395531 863098632 965296431 873197622 865395432 753098643 954197541 883098612 976494321 874197522 865296432
9753086421
8653266432 6433086654 8332087662
9775084221 9755084421 9751088421
64308654 83208762 86526432
8765264322 6543086544 8321088762
86526432 64308654 83208762
8653266432 6433086654 8332087662
8653266432 6433086654 8332087662
8633086632 8633266632 6433266654 4332087666 8533176642 7533086643 8433086652
86526432 64308654 83208762
863098632 965296431 873197622 865395432 753098643 954197541 883098612 976494321 874197522 865296432 763197633 844296552 762098733 964395531
865296432 763197633 844296552 762098733 964395531 863098632 965296431 873197622 865395432 753098643 954197541 883098612 976494321 874197522
763197633 844296552 762098733 964395531 863098632 965296431 873197622 865395432 753098643 954197541 883098612 976494321 874197522 865296432
763197633 844296552 762098733 964395531 863098632 965296431 873197622 865395432 753098643 954197541 883098612 976494321 874197522 865296432
8653266432 6433086654 8332087662
865296432 763197633 844296552 762098733 964395531 863098632 965296431 873197622 865395432 753098643 954197541 883098612 976494321 874197522
863098632 965296431 873197622 865395432 753098643 954197541 883098612 976494321 874197522 865296432 763197633 844296552 762098733 964395531
8633086632 8633266632 6433266654 4332087666 8533176642 7533086643 8433086652
8765264322 6543086544 8321088762
6431088654 8732087622 8655264432
863098632 965296431 873197622 865395432 753098643 954197541 883098612 976494321 874197522 865296432 763197633 844296552 762098733 964395531
