8765264322 6543086544 8321088762
9753086421
8653266432 6433086654 8332087662
9753086421
863098632 965296431 873197622 865395432 753098643 954197541 883098612 976494321 874197522 865296432 763197633 844296552 762098733 964395531
8653266432 6433086654 8332087662
6431088654 8732087622 8655264432
763197633 844296552 762098733 964395531 863098632 965296431 873197622 865395432 753098643 954197541 883098612 976494321 874197522 865296432
8765264322 6543086544 8321088762
762098733 964395531 863098632 965296431 873197622 865395432 753098643 954197541 883098612 976494321 874197522 865296432 763197633 844296552
873197622 865395432 753098643 954197541 883098612 976494321 874197522 865296432 763197633 844296552 762098733 964395531 863098632 965296431
863098632 965296431 873197622 865395432 753098643 954197541 883098612 976494321 874197522 865296432 763197633 844296552 762098733 964395531
8653266432 6433086654 8332087662
6543086544 8321088762 8765264322
8653266432 6433086654 8332087662
8633086632 8633266632 6433266654 4332087666 8533176642 7533086643 8433086652
863098632 965296431 873197622 865395432 753098643 954197541 883098612 976494321 874197522 865296432 763197633 844296552 762098733 964395531
8653266432 6433086654 8332087662
863098632 965296431 873197622 865395432 753098643 954197541 883098612 976494321 874197522 865296432 763197633 844296552 762098733 964395531
873197622 865395432 753098643 954197541 883098612 976494321 874197522 865296432 763197633 844296552 762098733 964395531 863098632 965296431
9751088421 9775084221 9755084421
9755084421 9751088421 9775084221
8655264432 6431088654 8732087622
8653266432 6433086654 8332087662
8633086632 8633266632 6433266654 4332087666 8533176642 7533086643 8433086652
863098632 965296431 873197622 865395432 753098643 954197541 883098612 976494321 874197522 865296432 763197633 844296552 762098733 964395531
863098632 965296431 873197622 865395432 753098643 954197541 883098612 976494321 874197522 865296432 763197633 844296552 762098733 964395531
863098632 965296431 873197622 865395432 753098643 954197541 883098612 976494321 874197522 865296432 763197633 844296552 762098733 964395531
863098632 965296431 873197622 865395432 753098643 954197541 883098612 976494321 874197522 865296432 763197633 844296552 762098733 964395531
8633086632 8633266632 6433266654 4332087666 8533176642 7533086643 8433086652
8633086632 8633266632 6433266654 4332087666 8533176642 7533086643 8433086652
863098632 965296431 873197622 865395432 753098643 954197541 883098612 976494321 874197522 865296432 763197633 844296552 762098733 964395531
6433086654 8332087662 8653266432
8429652 7619733 8439552 7509843 9529641 8719722 8649432 7519743
8655264432 6431088654 8732087622
86526432 64308654 83208762
97508421
8653266432 6433086654 8332087662
865296432 763197633 844296552 762098733 964395531 863098632 965296431 873197622 865395432 753098643 954197541 883098612 976494321 874197522
8633086632 8633266632 6433266654 4332087666 8533176642 7533086643 8433086652
8655264432 6431088654 8732087622
8655264432 6431088654 8732087622
763197633 844296552 762098733 964395531 863098632 965296431 873197622 865395432 753098643 954197541 883098612 976494321 874197522 865296432
863098632 965296431 873197622 865395432 753098643 954197541 883098612 976494321 874197522 865296432 763197633 844296552 762098733 964395531
8633086632 8633266632 6433266654 4332087666 8533176642 7533086643 8433086652
8633086632 8633266632 6433266654 4332087666 8533176642 7533086643 8433086652
863098632 965296431 873197622 865395432 753098643 954197541 883098612 976494321 874197522 865296432 763197633 844296552 762098733 964395531
863098632 965296431 873197622 865395432 753098643 954197541 883098612 976494321 874197522 865296432 763197633 844296552 762098733 964395531
863098632 965296431 873197622 865395432 753098643 954197541 883098612 976494321 874197522 865296432 763197633 844296552 762098733 964395531
7533086643 8433086652 8633086632 8633266632 6433266654 4332087666 8533176642
